hello:
  1:
    head_p: 0.00010340989631336406
    head_y: 4.136395852534563e-05
    l_arm_el_y: 0.1
    l_arm_finger45_p: 0.0
    l_arm_index_p: -3.14
    l_arm_middle_p: 0.0
    l_arm_sh_p1: -0.044241436242677824
    l_arm_sh_p2: 0.08755648134728033
    l_arm_sh_r: 1.308890527707113
    l_arm_thumb_p: 0.0
    l_arm_thumb_y: 0.0
    l_arm_wr_p: 0.0
    l_arm_wr_r: 0.0
    l_arm_wr_y: 0.0
    r_arm_el_y: -0.1
    r_arm_finger45_p: 0.0
    r_arm_index_p: -3.14
    r_arm_middle_p: 0.0
    r_arm_sh_p1: 0.012731618748953975
    r_arm_sh_p2: -0.08735618056066947
    r_arm_sh_r: -1.3090783096945606
    r_arm_thumb_p: 0.0
    r_arm_thumb_y: 0.0
    r_arm_wr_p: 0.0
    r_arm_wr_r: 0.0
    r_arm_wr_y: 0.0
    torso_y: 0.00015022558995815902
  2:
    head_p: 0.00010340989631336406
    head_y: 4.136395852534563e-05
    l_arm_el_y: 0.5
    l_arm_finger45_p: 0.0
    l_arm_index_p: -3.14
    l_arm_middle_p: 0.0
    l_arm_sh_p1: -0.044241436242677824
    l_arm_sh_p2: 0.08765663174058577
    l_arm_sh_r: 1.3091283848912134
    l_arm_thumb_p: 0.0
    l_arm_thumb_y: 0.0
    l_arm_wr_p: 0.0
    l_arm_wr_r: 0.0
    l_arm_wr_y: 0.0
    r_arm_el_y: -0.5
    r_arm_finger45_p: 0.0
    r_arm_index_p: -3.14
    r_arm_middle_p: 0.0
    r_arm_sh_p1: 0.012969475933054395
    r_arm_sh_p2: -0.087393736958159
    r_arm_sh_r: -1.309090828493724
    r_arm_thumb_p: 0.0
    r_arm_thumb_y: 0.0
    r_arm_wr_p: 0.0
    r_arm_wr_r: 0.0
    r_arm_wr_y: 0.0
    torso_y: 0.00020030078661087866